gaussianNoise_10_SNR: 13.606174289376957
gaussianNoise_30_SNR: 4.155498027493759
saltAndPepper_0_10_SNR: -2.0756521512240442
saltAndPepper_0_05_SNR: 0.9574057187026868
gaussianNoise_10_box_3x3_SNR: 17.741443972540303
gaussianNoise_30_box_3x3_SNR: 12.613139363595023
saltAndPepper_0_10_box_3x3_SNR: 6.410797534802805
saltAndPepper_0_05_box_3x3_SNR: 9.518838194324225
gaussianNoise_10_box_5x5_SNR: 14.83846684183597
gaussianNoise_30_box_5x5_SNR: 13.267965307234014
saltAndPepper_0_10_box_5x5_SNR: 8.597794312748043
saltAndPepper_0_05_box_5x5_SNR: 11.206379750333966
gaussianNoise_10_median_3x3_SNR: 17.63888634012726
gaussianNoise_30_median_3x3_SNR: 11.097229543808144
saltAndPepper_0_10_median_3x3_SNR: 15.529932611535065
saltAndPepper_0_05_median_3x3_SNR: 19.281753302645072
gaussianNoise_10_median_5x5_SNR: 15.96045902784033
gaussianNoise_30_median_5x5_SNR: 12.842163274086067
saltAndPepper_0_10_median_5x5_SNR: 15.769501923960803
saltAndPepper_0_05_median_5x5_SNR: 16.38069336439198
gaussianNoise_10_openingThenClosing_SNR: 13.627451328496452
gaussianNoise_30_openingThenClosing_SNR: 11.111861864682705
saltAndPepper_0_10_openingThenClosing_SNR: -2.571608930147552
saltAndPepper_0_05_openingThenClosing_SNR: 5.586739651886318
gaussianNoise_10_closingThenOpening_SNR: 13.269929147612396
gaussianNoise_30_closingThenOpening_SNR: 11.22195876733288
saltAndPepper_0_10_closingThenOpening_SNR: -2.1390962288856814
saltAndPepper_0_05_closingThenOpening_SNR: 5.682499968596749
